Running time of SWING with varied task number per POI

2: 23.555936336517334, 12.27427339553833, 29.92920160293579, 23.937754154205322, 19.9763503074646, 54.693950176239014, 11.6284339427948, 17.01402735710144, 11.362873315811157, 61.4533269405365, 
avg time: 26.58261275291443
4: 61.93424844741821, 51.292330265045166, 33.57002520561218, 29.451525688171387, 69.45836901664734, 33.97908878326416, 85.84026527404785, 40.40313005447388, 46.24318814277649, 8.832403659820557, 
avg time: 46.10045745372772
6: 80.03272032737732, 63.39673447608948, 82.13654470443726, 87.04182577133179, 64.20069408416748, 102.63767385482788, 67.52812647819519, 41.36670780181885, 81.98996233940125, 60.052146434783936, 
avg time: 73.03831362724304
8: 101.13574552536011, 107.31801176071167, 114.13297963142395, 115.59106826782227, 112.08586573600769, 208.20755863189697, 200.70759415626526, 227.84918880462646, 114.24634647369385, 70.8952283859253, 
avg time: 137.21695873737335
10: 287.9601378440857, 531.8040833473206, 696.0156631469727, 291.9194312095642, 256.97220969200134, 320.7485656738281, 232.7040810585022, 147.45627975463867, 136.44616627693176, 269.98406958580017, 
avg time: 317.20106875896454
12: 353.33470606803894, 219.25075149536133, 222.80595445632935, 407.30674719810486, 271.02134346961975, 428.4296541213989, 209.40955591201782, 242.86189079284668, 107.28616642951965, 165.11259603500366, 
avg time: 262.6819365978241
14: 778.2075002193451, 428.9381079673767, 284.95563888549805, 208.93989944458008, 308.65260124206543, 352.3916425704956, 422.05761909484863, 414.0309052467346, 594.427985906601, 598.9333486557007, 
avg time: 439.1535249233246
16: 789.1854121685028, 651.2072999477386, 688.918336391449, 355.74332189559937, 594.2749795913696, 762.4113352298737, 517.8735122680664, 459.90452241897583, 335.53730273246765, 418.8434374332428, 
avg time: 557.3899460077286
18: 514.2838513851166, 502.18239426612854, 952.021965265274, 377.2783362865448, 459.8924527168274, 385.26502656936646, 472.46306705474854, 655.0478315353394, 635.3753514289856, 797.0754024982452, 
avg time: 575.0885679006576
20: 379.762836933136, 857.3908200263977, 741.4367642402649, 815.8289132118225, 675.1437482833862, 526.4498708248138, 614.3621220588684, 413.2764837741852, 569.6199350357056, 640.2229404449463, 
avg time: 623.3494434833526

[26.58261275291443, 46.10045745372772, 73.03831362724304, 137.21695873737335, 317.20106875896454, 262.6819365978241, 439.1535249233246, 557.3899460077286, 575.0885679006576, 623.3494434833526]

