Running time of SWING with varied agent number

2: 50.38354992866516, 63.900773763656616, 19.68177080154419, 59.00981688499451, 133.98276615142822, 8.350667238235474, 16.78267216682434, 83.12805128097534, 157.23278784751892, 14.136141777038574, 
avg time: 60.658899784088135
4: 130.79973030090332, 138.72443914413452, 107.93338918685913, 64.8398323059082, 197.74797081947327, 174.92375302314758, 53.39286208152771, 106.52755641937256, 60.093501329422, 251.1539967060089, 
avg time: 128.61370313167572
6: 154.04189229011536, 222.69776940345764, 121.61725902557373, 246.77120685577393, 209.76731944084167, 194.3643503189087, 101.74913883209229, 85.76822686195374, 62.46746563911438, 163.56488871574402, 
avg time: 156.28095173835754
8: 170.41796779632568, 109.57740664482117, 188.21861100196838, 150.70370078086853, 112.95578956604004, 211.1997413635254, 88.54361200332642, 76.98503136634827, 90.19201993942261, 168.67787504196167, 
avg time: 136.7471755504608
10: 104.76954340934753, 139.3264651298523, 84.02301001548767, 165.46274828910828, 79.98768472671509, 133.61239862442017, 157.42887449264526, 138.59575724601746, 101.67857766151428, 103.12712407112122, 
avg time: 120.80121836662292
12: 100.9231767654419, 101.39143753051758, 76.56359624862671, 127.38487124443054, 118.3810932636261, 106.79101824760437, 175.41807866096497, 92.17540097236633, 72.43210124969482, 80.91267800331116, 
avg time: 105.23734521865845
14: 117.93643999099731, 83.47371006011963, 80.247225522995, 122.04746794700623, 123.733802318573, 80.87168979644775, 187.67296624183655, 51.1541314125061, 106.12293481826782, 162.5450713634491, 
avg time: 111.58054394721985
16: 127.85990142822266, 128.33459758758545, 153.71840476989746, 127.51369214057922, 156.26005387306213, 120.21687960624695, 138.2759130001068, 210.3117344379425, 132.66360521316528, 210.1926019191742, 
avg time: 150.53473839759826
18: 179.34690642356873, 165.99829649925232, 124.26102304458618, 185.8026032447815, 197.88406538963318, 132.55989909172058, 175.32778787612915, 179.8285093307495, 157.5575976371765, 149.84528994560242, 
avg time: 164.84119784832
20: 171.77548551559448, 165.88993763923645, 183.3711678981781, 156.7793436050415, 115.97684288024902, 150.47029638290405, 194.71020221710205, 176.36927366256714, 120.31982111930847, 172.50627303123474, 
avg time: 160.8168643951416

[60.658899784088135, 128.61370313167572, 156.28095173835754, 136.7471755504608, 120.80121836662292, 105.23734521865845, 111.58054394721985, 150.53473839759826, 164.84119784832, 160.8168643951416]

